0.032749 8
0.000117 76
1.018020 1
0.175367 1
0.256916 1
2.584836 114
3.725011 1
0.184252 1
0.470813 1
0.224826 1
0.143384 1
0.945086 1
0.688073 1
0.572192 1
0.575665 1
0.340888 1
0.181244 1
0.525684 1
0.206919 1
0.124627 1
2.015520 11
0.003752 84
1.336091 1
0.200948 1
1.479612 1
1.270386 1
0.417127 1
0.123935 1
0.235164 1
0.279297 1
0.534141 1
0.224833 1
0.129235 1
0.872091 1
1.096067 19
0.000112 94
6.940003 1
0.123896 1
0.277610 1
0.351975 1
0.108271 1
0.262429 1
0.507368 4
0.172451 4
0.574821 1
0.355603 1
0.586995 1
0.177505 1
0.718038 1
0.157341 1
0.223597 1
0.603613 1
0.157200 1
0.268420 1
0.136628 1
0.643854 1
0.813700 1
0.431510 1
0.219721 1
0.140939 1
1.337897 11
0.004601 8
0.000303 94
126.152006 1
0.769692 1
0.148914 1
0.898240 1
0.270380 1
0.166611 1
0.327658 1
0.166569 1
0.358687 1
1.175256 1
0.171079 1
0.224501 1
0.186050 1
0.176200 1
0.828413 1
0.401467 1
0.284474 1
0.144980 1
1.884642 2
0.000044 9
0.178558 194
0.000064 25
0.005539 102
143.350243 1
0.701671 1
0.146658 1
0.749418 1
0.463550 1
0.166146 1
0.173510 1
0.153225 1
0.241253 1
0.852299 1
0.205343 1
0.163405 1
0.398453 1
0.398665 1
0.682853 1
0.247564 1
0.232969 1
0.141892 1
0.395893 11
0.665431 312
0.084281 8
0.000032 94
68.564788 1
0.714582 1
0.139953 1
0.352756 1
0.300971 1
0.160581 1
0.274360 1
0.134515 1
0.221528 1
0.877325 1
0.178182 1
0.189856 1
0.344635 1
0.120619 1
0.716558 1
0.485009 1
0.160930 1
0.142759 1
0.520243 11
0.999059 102
55.263805 1
0.215570 1
1.177661 1
0.281203 1
0.294519 1
0.309298 1
0.279148 1
1.235680 11
0.003236 13
0.000988 8
0.000030 94
20.649347 1
0.359540 1
0.165815 1
0.282226 1
0.775594 11
0.000197 4
0.000041 2
